global g; % gravitational acceleration constant [m/s^2]
global Ce; % speed of light [m/s]

g = 9.81;
Ce = 3e8;
sort_times = string({
    '0000', '0020', '0040', '0100', '0120', '0140', '0200', '0220', '0240', ...
    '0300', '0320', '0340', '0400', '0420', '0440', '0500', '0520', '0540', ...
    '0600', '0620', '0640', '0700', '0720', '0740', '0800', '0820', '0840', ...
    '0900', '0920', '0940', '1000', '1020', '1040', '1100', '1120', '1140', ...
    '1200', '1220', '1240', '1300', '1320', '1340', '1400', '1420', '1440', ...
    '1500', '1520', '1540', '1600', '1620', '1640', '1700', '1720', '1740', ...
    '1800', '1820', '1840', '1900', '1920', '1940', '2000', '2020', '2040', ...
    '2100', '2120', '2140', '2200', '2220', '2240', '2300', '2320', '2340'
    });
